10098.0
7793.0
17635.0
7649.0
5640.0
19538.0
16682.0
15970.0
7408.0
6842.0
12304.0
19533.0
13939.0
9168.0
16043.0
12439.0
8835.0
12039.0
6535.0
10419.0
5395.0
10612.0
11608.0
15358.0
5774.0
15155.0
15938.0
11616.0
11640.0
11664.0
17784.0
11230.0
17350.0
14269.0
11466.0
14747.0
18466.0
11291.0
18154.0
11035.0
11989.0
12943.0
19795.0
17009.0
13417.0
11991.0
7183.0
7594.0
19895.0
9839.0
17898.0
7932.0
8634.0
12796.0
14220.5
15645.0
15889.0
19410.0
4909.0
7269.0
12211.0
10366.0
6653.0
18041.0
7376.0
8334.0
12793.0
15149.0
16303.0
9194.0
7525.0
10784.5
14044.0
18156.0
16474.0
10214.0
19414.0
12881.0
10175.0
18303.0
14635.0
16524.0
18154.0
7912.0
6976.0
17898.0
7456.0
15760.0
12592.0
15307.0
11060.0
12667.0
9681.0
5535.0
13729.0
16747.0
9596.0
11012.0
9284.0
16122.0
14100.0
7569.5
10495.0
19951.0
18520.0
13700.0
12855.0
14253.5
15652.0
16614.5
17577.0
15618.0
13659.0
5512.0
11601.0
15114.0
9161.0
13470.0
15320.0
11987.0
8654.0
10756.0
12723.0
15481.0
15024.0
16728.0
11483.0
14889.0
5996.0
7883.0
7607.0
9442.0
11109.0
6336.0
11354.0
16611.0
13680.0
6014.0
10290.0
11621.0
16711.0
10667.0
11319.0
15606.0
7463.0
12423.0
16110.0
8500.0
17938.0
17132.0
15242.5
13353.0
5990.0
6745.0
15380.0
10013.0
10278.0
16292.0
15130.0
13460.0
11790.0
15192.0
7047.0
10102.0
18887.0
7770.0
5684.0
5495.0
15148.0
10211.0
9038.0
16845.0
11734.0
17758.0
14962.0
6778.0
10713.0
16515.0
12487.0
18225.0
13967.0
9709.0
7314.0
14189.0
10269.0
6349.0
11997.0
13029.0
6642.0
17334.0
7025.0
15099.0
15464.0
7942.0
11863.5
15785.0
14885.0
14746.0
11214.0
17333.0
10768.0
8880.0
16351.0
6425.0
8636.0
13678.0
10821.0
17858.0
10173.0
9611.0
11533.0
13455.0
5589.0
12444.0
19104.0
19312.5
19521.0
11403.0
17502.0
5904.0
6337.0
4908.0
9678.0
19554.0
12669.0
9996.0
10912.0
17756.0
7050.0
6039.0
5296.0
18034.0
11854.5
5675.0
6313.0
10403.0
13754.0
10808.0
15647.0
13815.0
7545.0
19605.0
8488.0
12952.0
9921.0
15068.0
18247.0
16422.0
6765.0
12182.0
8402.0
13412.0
7091.0
9087.5
11084.0
12782.0
10187.0
11751.0
15562.0
16105.0
13757.0
9022.5
14900.0
6902.0
7439.0
14025.0
15502.0
10339.5
5177.0
14162.0
14721.0
13612.0
10641.0
8639.0
10528.0
13325.0
9237.0
14317.0
17632.0
9209.0
13476.0
6027.0
14286.0
15531.0
8998.0
11359.0
17641.0
12776.0
8804.0
19322.0
7923.0
7455.0
10113.0
12205.0
9743.0
13699.0
11531.0
18898.0
8265.0
10626.0
14534.0
12894.0
19629.0
17471.0
5657.0
16460.0
8797.0
5183.0
12251.0
17172.0
7113.0
11719.0
17926.0
7138.0
19498.0
15066.0
13281.0
13793.0
8010.0
18149.0
14955.0
11842.0
9651.0
5749.0
18993.0
7179.0
12588.0
17632.0
19500.0
8632.0
8074.0
7516.0
9061.0
8083.0
6182.0
9961.0
15251.0
19521.0
19874.0
14906.0
5994.0
8116.0
15490.0
6056.0
18657.0
5501.0
4917.0
18194.0
8815.0
12625.0
5130.0
19231.0
13861.0
8491.0
6007.0
8554.0
10964.0
16844.0
7368.0
7691.0
17606.0
5920.0
6185.0
4991.0
15460.0
11124.0
9124.0
10011.0
12753.0
11003.0
13680.0
17327.0
11711.0
10227.0
9739.0
7299.0
6595.0
16920.0
6673.0
19143.0
16771.0
14399.0
8780.5
13821.0
5642.0
8059.0
18689.0
17857.0
10790.0
17432.0
6019.0
12527.0
9024.5
5522.0
16804.0
14537.5
12271.0
15378.0
10655.0
12051.0
15441.0
8960.0
7376.0
7538.0
7684.0
12903.0
15289.0
5562.5
9660.0
10394.0
7230.5
14310.0
14053.0
10423.0
5199.0
12889.0
18625.0
11319.0
15835.0
8667.0
11054.0
8110.0
4952.0
9581.0
5542.0
10838.0
14984.0
9492.0
8988.0
11518.0
12078.5
12639.0
14068.0
15497.0
10762.0
18929.0
18495.5
18062.0
7623.0
13827.0
8863.0
7638.0
5033.0
9773.0
12393.0
14648.0
16974.0
18617.0
10628.0
12237.0
8077.0
16659.0
13481.0
5031.0
13867.0
9384.0
10484.0
14616.0
4947.0
12441.0
12386.0
12851.0
19886.0
18245.0
12889.0
12071.0
11253.0
11658.0
18306.0
15968.0
16604.0
10479.0
13570.0
19165.0
7278.0
14184.0
5937.0
4974.0
15164.0
19168.0
16748.0
17602.0
5322.0
15214.0
16821.0
13014.0
18833.0
19293.0
8551.0
15044.0
19050.0
12178.0
7337.0
11261.0
11736.0
15346.0
15151.0
11265.0
9602.0
4920.0
12737.0
9824.0
7125.0
16179.0
11428.0
10206.0
10564.0
14527.0
19745.0
12728.5
5712.0
14010.0
8365.0
9892.0
17378.0
9947.0
10965.0
5466.0
19012.0
12818.0
19770.0
17308.0
6052.0
12320.0
19062.0
7579.0
5237.0
15490.0
17238.0
5334.0
10808.0
9677.0
9976.0
10956.0
8020.0
9468.0
15437.0
15945.0
8434.0
17755.0
18208.0
12115.0
15201.0
18204.0
11170.0
8269.0
13661.0
5893.0
11015.0
11836.0
5109.0
19136.0
10180.0
9599.0
5529.0
6148.0
19513.0
16834.0
5053.0
19769.0
9301.0
15171.0
17547.0
15609.0
11175.0
6547.0
7504.0
19353.0
15576.0
11889.0
9128.0
13853.0
19547.0
12341.0
18008.0
14386.0
12481.0
11627.0
5648.0
10771.5
15895.0
14323.0
19916.0
15072.0
16659.0
18246.0
8971.0
8585.0
5578.0
13474.0
18210.0
15274.5
12339.0
8854.0
15445.0
15593.0
5273.0
11557.0
17409.0
13896.0
18365.0
15253.0
12141.0
13707.0
16691.0
13275.0
16217.0
8058.0
15598.0
5971.0
11146.0
11710.0
10015.0
15122.0
10314.0
13836.0
12612.0
10885.0
7014.0
5020.0
9492.0
9769.0
15108.0
17726.0
13374.0
14948.0
19268.0
18351.0
12675.0
18757.0
18261.0
9659.0
8060.0
14731.0
13023.5
11316.0
9169.0
17309.0
16064.0
6251.0
17610.0
12184.0
9955.0
8942.0
10790.0
10102.0
11056.0
8451.0
9622.0
17125.0
16180.0
15979.0
12541.0
10307.0
19817.0
17645.0
6592.0
11451.0
18342.0
15042.0
9297.0
11125.0
16003.0
15038.0
7324.0
5657.0
9991.0
19030.0
6002.0
10851.0
8009.0
13998.0
7017.0
19280.0
11245.0
12298.0
15573.0
11551.0
8152.5
6243.0
17859.0
8035.0
6946.0
7622.0
13501.0
13460.0
7931.0
5658.5
6745.0
5182.0
5819.0
16644.0
7779.0
13977.0
8725.0
17327.0
12032.0
11481.0
5360.0
10815.0
6431.0
6320.0
6451.0
16979.0
10509.0
17218.0
5248.0
4996.0
14699.0
7937.0
5769.0
19882.0
6172.0
19162.0
19648.0
5355.0
11389.0
8056.0
15384.0
5160.0
18516.0
7817.0
11290.5
14764.0
9206.0
15656.0
11430.0
14790.0
13139.0
7466.0
6785.0
10296.5
18605.0
9207.0
10348.0
11768.0
12752.0
9855.0
6958.0
7049.0
18676.0
13010.0
6651.0
13154.0
14339.5
15525.0
5537.0
6526.0
18381.0
19051.0
13347.5
7644.0
12146.0
12814.0
7997.0
13872.0
7400.0
12145.0
7210.0
6705.0
16488.0
13187.0
16641.0
10959.0
6045.0
8699.0
16160.0
6293.0
9177.0
18248.0
11309.0
9146.0
6983.0
15395.0
14057.0
11055.0
10251.0
8478.0
17028.0
11755.0
11868.0
17664.0
5617.0
18663.0
10279.0
9718.0
18998.0
6548.0
10649.0
18867.0
10561.0
15705.0
7169.0
6072.0
5164.0
9398.0
19518.0
10508.0
17283.0
5737.0
6340.0
7017.0
8581.5
10146.0
5565.0
5576.0
5001.0
15727.0
8831.0
16528.0
10287.0
13392.0
7164.0
17778.0
6008.5
7450.0
13629.0
17919.0
8397.0
14729.0
19059.0
12640.5
6222.0
16154.0
11071.0
9200.0
15519.0
19757.0
16546.0
15580.0
19366.0
13975.0
19577.0
5748.0
18979.0
18960.0
11911.0
12287.0
7861.0
19624.0
18604.0
16425.0
14566.0
14448.0
17579.0
13676.0
16284.0
9175.0
19023.0
7119.0
10346.0
18035.0
10513.0
15558.0
19838.0
14529.0
13940.0
14602.0
10699.0
16132.0
7101.0
15258.0
16091.0
9831.0
7166.0
13756.0
18682.0
13731.0
19142.0
12873.0
13697.0
16168.0
10772.0
6977.0
8241.0
17136.0
10134.0
18641.0
7599.0
14712.0
15059.0
13097.0
7989.0
8135.0
13114.0
11330.0
5862.0
16237.0
14340.0
7245.5
14457.0
9712.0
10808.0
17981.0
4910.0
12412.5
19915.0
10039.0
10927.0
8304.0
12754.0
13137.0
11886.5
10636.0
9731.0
5675.0
9524.0
8167.0
13152.0
7380.0
15735.0
19959.0
10197.0
11480.0
13804.0
14135.0
16886.0
6638.0
6980.0
11715.0
11274.0
10480.0
9686.0
18297.0
7434.0
10834.0
15857.0
10895.0
5933.0
12875.0
8374.0
7037.0
10549.0
7692.0
8726.0
7442.0
16785.0
17673.0
18561.0
15089.0
11617.0
8389.0
17968.0
15536.0
10929.0
12245.0
14526.0
16546.0
11879.0
14789.0
17505.0
12705.0
15410.0
14278.0
13508.0
8992.0
5446.0
16610.0
7005.0
18750.0
17542.0
8479.0
17662.0
9089.0
13761.5
18434.0
9383.5
17723.0
10125.0
13098.0
7526.0
8610.0
10534.0
9777.0
5158.0
9324.0
9070.0
8715.0
8306.0
7662.5
7019.0
13922.0
9254.0
14293.0
17146.0
9288.5
18007.0
19394.0
12139.0
12826.0
13517.0
10520.5
7524.0
15115.0
19555.0
14860.0
13652.0
5793.0
18911.0
10115.0
14648.0
9547.0
15782.0
9663.0
18939.0
15954.0
16625.0
19893.0
17829.0
8315.0
9206.0
19094.0
7234.0
14717.0
11950.0
9312.0
11398.0
10312.0
17587.0
11024.0
12871.0
9794.0
7833.0
6720.0
9091.0
17287.0
17530.0
13960.0
19633.0
17422.0
7960.0
5474.0
5836.0
6844.0
15496.0
5714.0
17153.0
10509.0
16073.0
11104.0
6945.0
19242.0
17796.5
16351.0
15401.0
13802.0
17270.0
17470.0
17670.0
15979.0
12273.0
14534.0
13521.5
12509.0
7795.0
10667.0
5534.0
6268.0
17788.0
6264.0
13586.0
17702.0
7429.0
10847.0
12277.0
8270.0
6558.0
6209.0
17052.0
9776.0
7922.0
5088.0
16419.0
16329.0
9589.0
13803.0
15288.0
18914.0
15152.0
10494.0
10965.0
5018.0
9827.0
7976.0
10660.0
19913.0
5474.0
11376.0
15132.0
5021.0
14593.0
10511.5
6430.0
7191.0
7952.0
13844.5
19737.0
13165.0
18825.0
12107.0
14007.0
14920.0
15422.0
11953.0
5897.0
5136.0
8079.0
16570.0
16873.0
15368.0
9128.0
7021.0
11543.0
10438.0
15774.0
11590.0
16575.0
7516.0
8752.0
9988.0
19702.0
9143.0
6956.0
16391.0
8983.0
8775.0
5936.0
8481.0
16700.0
5598.0
8836.0
17395.0
19760.0
12262.0
19812.0
13142.0
19966.0
6918.0
7448.0
5910.0
17829.0
16724.0
19053.0
9343.0
6291.5
7151.0
9437.0
19010.0
8917.0
16869.0
14803.0
18196.0
7301.0
13673.0
19264.0
4953.0
12757.0
15208.0
8338.0
13161.0
19032.0
17048.0
10116.0
17017.0
17330.0
9159.0
19389.0
6748.0
16345.0
17708.0
17401.0
16180.0
11413.0
13561.0
10840.0
6344.0
11813.0
6869.0
8414.0
12744.0
13519.0
19740.0
15408.0
9620.0
10763.0
13886.0
8904.0
11094.0
7459.0
18761.0
11952.0
16286.0
14750.0
8463.0
10103.0
9126.0
11587.0
16458.0
15608.0
17681.0
6271.0
10006.0
14707.0
11976.0
11779.5
11583.0
12629.0
10494.0
14422.0
7191.0
13546.0
19901.0
14387.5
8874.0
9769.0
16260.0
5099.0
13381.0
14085.0
13946.0
5988.0
6176.0
10718.0
14330.0
15775.0
12743.0
10303.0
12266.5
14230.0
19232.0
9513.0
7372.0
10270.0
13991.0
17400.0
8351.0
6454.0
19884.0
17717.0
8225.0
8076.0
16031.0
8736.0
14724.0
7169.0
5530.0
10408.0
12400.0
11036.0
8083.0
10939.0
7026.0
10774.0
13174.0
15262.0
10868.0
8872.0
12561.0
13771.0
17207.0
5408.0
7155.0
13352.0
15285.0
5290.0
18365.0
7515.0
5808.0
12791.0
5412.0
16948.0
10358.0
6869.0
13708.0
13659.0
9224.0
16264.0
18261.0
14147.0
14536.0
14671.0
15857.0
10774.0
12073.0
10320.0
13583.0
10458.0
17842.0
18362.5
18883.0
10870.0
14006.0
18965.0
17072.0
15813.0
16157.0
5448.0
10096.0
11596.0
13096.0
7067.0
13909.0
5384.0
10979.0
6646.0
12038.0
6889.0
19089.0
13189.0
6072.0
13244.0
7906.0
18379.0
11806.0
4902.0
17189.0
17389.5
17590.0
5394.0
18111.0
13229.0
12756.0
19083.0
6377.0
14908.0
6655.0
17434.0
14370.0
15886.0
5495.0
16399.0
17383.0
10123.0
12747.0
17369.0
16310.0
16177.0
14793.0
19839.0
9905.0
18582.0
8912.0
5207.0
15611.0
9750.0
8416.0
6583.0
6250.0
19925.0
18927.0
17929.0
16663.0
15397.0
7885.0
11708.0
14909.0
14109.0
7897.0
11213.0
8724.0
19789.0
6837.0
6740.0
15577.0
15715.0
9434.0
16621.0
8344.0
15314.0
9519.0
10943.0
19066.0
5085.0
18465.0
8201.0
7468.0
7731.0
15753.0
18308.0
8740.0
6334.0
9125.0
15335.0
11172.0
11472.0
13410.0
8702.0
11045.0
7283.0
19044.0
7287.0
11654.0
16021.0
13661.0
17802.0
8452.0
10993.0
12678.0
17959.0
18614.0
19036.0
6084.0
7654.5
9225.0
12300.0
6888.5
12524.0
17532.0
6324.0
17104.0
19240.0
9934.0
10745.0
6466.0
6186.0
14324.0
16823.0
5958.0
7942.0
16603.0
12208.0
17230.0
18365.0
16255.0
7965.0
17352.0
15108.0
6432.0
14642.0
12782.5
10923.0
7608.0
9536.0
10374.5
11213.0
11155.0
11180.0
9544.5
7909.0
14504.0
13141.5
11779.0
11878.0
11613.0
18978.0
11181.0
10362.0
9128.0
7894.0
16230.0
8013.0
16572.0
9588.0
8468.0
5751.0
11915.0
15412.0
18909.0
7249.0
18107.0
15004.0
7028.0
12308.0
7291.0
12316.0
17341.0
9026.0
6291.0
18778.0
8749.0
14112.0
18380.0
7098.0
16948.0
5154.0
10174.0
11193.0
14080.0
17069.0
12319.0
5030.0
17844.0
12403.0
10804.0
5494.0
10905.0
5517.0
15504.0
15078.0
8645.0
19173.0
9010.0
13470.0
14298.0
5195.0
15137.0
15490.0
15969.0
9339.0
16093.0
15198.0
19328.0
9296.0
19957.0
14677.0
6873.0
12542.0
19044.0
14566.0
16253.0
9001.0
11732.0
18266.0
10571.0
9111.0
8572.0
19209.0
10540.0
7731.0
15321.0
11424.0
5867.0
19231.0
14780.0
13932.0
12411.5
10891.0
14377.5
17864.0
19511.0
12769.0
7988.0
9007.0
17102.0
8046.0
9023.0
13682.0
19075.0
11313.0
6004.0
9815.0
7559.0
17707.0
6378.0
11188.0
16262.0
9111.0
19751.0
16482.0
8034.0
5209.0
5151.0
10973.0
8948.0
6921.0
19959.0
5919.0
5484.0
5224.0
10941.0
7245.0
7130.0
12717.0
19305.0
7526.0
10849.5
14173.0
6429.0
14030.0
8940.0
19191.0
16737.0
11199.0
19054.0
6229.0
11688.0
15958.0
9155.0
13516.0
12165.0
19555.0
9616.0
10349.0
9775.0
5982.0
16443.0
18220.0
15663.0
12723.0
13346.0
13269.0
8757.0
11943.5
15130.0
15147.0
5714.0
10903.0
16425.0
8550.0
9952.0
16900.0
19798.0
14951.5
10105.0
19295.0
5129.0
15352.0
18642.0
9887.5
5495.0
7783.0
15276.0
10255.0
16542.0
13057.0
16715.0
7789.0
11982.0
16935.0
19055.0
17016.0
4916.0
18899.0
10915.0
6477.0
15609.0
15396.0
16862.0
18328.0
17177.0
19028.0
12236.0
12768.0
12307.0
12139.0
6353.0
19417.0
16395.0
10703.0
6010.0
16647.0
17443.0
7467.0
6454.0
17297.0
15597.0
15625.0
4910.0
6127.0
6431.0
5954.0
6299.0
6395.0
14783.0
7732.0
12857.0
10623.0
15662.0
14482.0
11931.0
14623.0
19208.0
6458.0
14523.0
4945.0
5995.0
5117.0
10954.0
5908.0
12208.0
14661.0
7677.0
10393.0
13972.0
8521.5
6193.0
17462.0
15199.0
8098.0
5155.0
9443.0
19745.0
9214.0
6683.0
5129.0
10427.0
16072.0
9507.0
19043.0
10690.0
17099.0
15540.0
12867.0
7680.0
13881.0
18427.0
10617.0
19986.0
17871.0
13373.0
10245.5
7118.0
13894.0
7280.0
12199.0
16877.0
5515.0
5122.0
18178.0
5562.0
8483.0
12078.0
6349.0
12556.0
8268.0
15190.0
12815.0
11520.0
10048.0
13914.0
14049.0
13091.0
14079.0
11338.0
8597.0
6306.0
7616.0
7180.0
18799.0
11009.0
14011.0
14473.0
13668.0
13325.0
9362.0
18232.0
9845.0
14765.0
12700.0
15096.0
13092.0
11678.5
10265.0
8834.5
7404.0
8158.0
8567.0
13041.0
16813.0
17996.0
12619.0
8046.0
12162.0
14050.0
9115.0
19600.0
17060.0
8846.5
17481.0
11999.0
19802.0
13012.0
5009.0
15610.0
13036.0
6907.0
17768.0
16837.0
13143.0
10569.0
19978.0
8414.0
10497.0
15679.0
17870.0
14696.0
7450.0
14030.0
11218.0
12558.0
15235.5
17913.0
13116.5
8320.0
18843.0
6491.0
18181.0
6719.0
17440.0
9380.0
17822.0
8271.0
12907.0
10245.0
7523.0
18418.0
12579.0
17051.0
10750.0
7128.0
16028.0
8562.0
7073.0
18513.0
17054.0
7283.0
13988.0
12865.0
19897.0
15701.0
7053.0
8872.5
15366.0
6143.0
10327.0
10750.0
18590.0
12310.0
15142.0
14486.0
7811.0
8070.0
19349.0
10861.0
19004.0
6199.0
6285.0
19010.0
15799.0
17576.0
16382.0
10396.0
18080.0
19313.0
7826.0
8719.0
16809.0
17392.0
19720.0
15277.0
9683.0
14616.0
19549.0
13823.0
5548.0
10984.0
15355.0
7198.0
7984.0
6280.0
13069.0
7225.0
15266.0
15744.0
10735.0
14633.0
13773.0
5285.0
5619.0
19131.0
14122.0
19433.0
6718.0
7959.0
19558.0
9540.0
12434.0
8428.0
18275.0
13919.0
6049.0
19067.0
8379.0
17554.0
7322.0
8637.5
9953.0
10931.0
11567.0
9540.0
5494.0
6975.5
8457.0
8453.0
13746.0
10419.0
19297.0
12287.0
18342.0
11548.0
12838.0
5695.0
11282.0
15339.0
19396.0
10150.0
17441.0
11691.0
10536.0
11798.0
13086.0
18544.0
7683.0
15137.0
19967.0
7196.0
12016.0
12942.0
14772.0
5478.0
11919.0
5957.0
9628.0
13058.0
10882.0
5816.0
13383.0
7695.0
18168.0
9682.0
5147.0
15743.0
19501.0
18685.0
18718.0
14781.0
17402.0
13080.0
10620.0
11968.0
15055.0
5595.0
6358.0
12381.0
11488.0
6543.0
7387.0
17176.0
7733.0
8885.0
18017.0
17050.5
16084.0
11831.0
7578.0
18466.0
6457.0
11615.0
15132.0
12126.0
14671.0
17216.0
8967.0
11043.0
8468.5
5894.0
16659.0
16637.0
11083.0
18475.0
11625.0
16671.0
10283.0
14288.0
15161.0
6579.0
10318.0
6593.0
15130.0
12381.0
11156.0
13992.0
12689.0
8874.0
16101.0
16553.0
8781.0
10094.0
5646.0
18475.0
9579.5
6722.0
15187.0
7884.0
9769.0
11654.0
13051.0
13722.0
12296.0
6040.0
6031.0
12393.0
16243.0
16752.0
8373.0
14641.0
8014.0
15435.0
11729.0
19530.0
12740.0
12404.0
13295.5
14187.0
7502.0
11155.0
19885.0
12558.0
10135.0
18254.0
19081.0
11018.0
8088.0
8443.0
19646.0
8718.0
5582.5
8082.0
15565.0
10415.0
10094.0
10050.0
11400.0
5104.0
18801.0
6568.0
14637.0
11541.5
8446.0
5582.0
6735.0
10072.0
7752.0
5756.0
10997.0
16238.0
16795.0
13711.0
11562.0
15990.0
16875.5
17761.0
14908.0
6886.0
19364.0
5335.0
9387.0
14260.0
10562.0
13142.0
16113.0
5588.0
11377.0
6184.0
9170.0
9314.0
17101.0
4919.0
6414.0
13829.0
18705.0
12664.5
6624.0
13886.0
14672.0
12833.0
15282.0
8170.0
17962.0
11163.0
19060.0
17173.0
12575.5
7978.0
7539.0
10785.0
19543.0
18697.0
6365.0
17411.0
19514.0
8399.0
19959.0
14654.0
16344.0
8121.0
10676.0
16763.0
7806.0
14221.0
16209.0
11080.0
9659.0
14799.0
10863.0
17292.0
11510.0
12960.0
7595.0
7818.0
19172.0
17999.0
8557.0
18825.0
16004.0
19390.0
12673.0
12467.0
13596.0
13408.0
8910.0
5290.0
15082.0
5454.0
16011.0
13143.0
15042.0
18750.0
12436.0
15879.0
17913.0
15425.0
14573.0
16664.0
6488.0
10461.0
16060.0
6298.0
5644.0
13552.0
18028.0
13922.0
7363.0
13485.0
15807.0
6317.0
10344.0
12296.0
17562.0
17702.0
8346.0
17919.0
19342.0
9233.0
19027.0
13694.0
6225.0
10773.0
15131.0
5691.0
15916.0
7523.5
13549.0
5531.0
9105.0
7490.0
10953.0
5080.0
12253.0
6563.0
10340.0
6606.0
7718.0
8865.0
7164.0
16353.0
13883.0
18266.0
9882.0
17127.0
19464.0
13704.0
16787.0
18930.0
19953.0
5960.0
5025.0
18613.0
16253.0
16081.0
8951.0
12669.0
6786.0
10127.0
11190.0
6597.0
14655.0
19203.0
14943.0
17815.0
9265.0
12860.0
5808.0
18784.0
9404.0
12349.0
15294.0
10401.5
5509.0
12561.0
19613.0
11577.0
13067.0
14336.0
10608.0
10686.0
16183.0
11510.0
13222.0
7626.0
12899.0
14961.0
15587.0
13598.0
6638.0
11858.0
11627.0
5588.0
8464.0
9288.0
8948.0
6055.0
8801.0
14461.0
19540.0
17992.0
15764.0
19292.0
17775.0
13495.0
6830.0
19410.0
19672.0
11616.0
9979.0
8519.0
9229.0
12342.0
16598.0
5442.0
12368.0
10840.0
11974.0
10645.0
16989.0
11706.0
9459.0
10800.0
10027.0
17340.0
5299.0
9721.5
14144.0
13932.0
8914.0
9050.0
19497.0
16763.0
12505.0
18327.0
5072.0
5003.0
17525.0
15690.0
17292.0
5918.0
9611.0
7980.0
17438.0
6707.0
19862.0
14363.0
8941.0
13222.0
7754.0
15937.0
13747.0
19230.0
7664.0
7668.0
16926.0
7130.0
6358.0
5994.0
11922.0
10600.0
8461.0
16222.0
15934.0
12688.0
13753.0
6794.0
12651.0
8219.0
13421.0
14870.0
17303.0
10275.0
7017.0
11080.0
12097.0
19076.0
6042.0
5799.0
12490.0
10913.0
10094.0
17669.0
17749.0
6095.0
16016.0
7039.0
4952.0
12433.0
9078.0
17174.0
17960.0
9157.0
15533.0
8630.0
5141.0
12704.0
11469.0
11028.0
13907.0
11541.0
18331.0
16286.0
14448.0
18357.0
18767.0
19636.0
9990.0
6736.0
13908.0
13421.0
7603.0
12512.0
8549.5
7778.0
10969.0
18399.0
5956.0
15978.0
8838.0
10471.0
15015.0
11981.0
8329.0
12351.0
11271.0
11493.0
17696.0
6884.0
14896.0
6543.0
8729.0
18042.0
11639.0
10464.0
10251.0
12444.0
14211.0
12918.0
16669.0
11530.0
11032.0
5243.0
8567.0
4997.0
14499.0
6944.0
9815.0
18246.0
18661.0
8819.0
6341.0
8873.0
13017.0
11326.0
19204.0
14551.0
9722.0
9872.0
7816.0
5760.0
7343.5
8927.0
5665.0
8504.0
8008.0
4954.0
5052.0
5743.0
6434.0
9928.0
12602.0
10059.0
9845.0
6940.0
19207.0
19259.0
15572.0
17741.0
10685.0
8649.0
10959.0
6714.0
11016.0
10239.0
7194.0
8114.0
19334.0
9857.0
5343.0
13252.0
9856.0
6460.0
8146.0
6776.0
16662.0
5858.0
14198.0
16775.0
9648.0
6881.0
12753.0
13590.0
10682.5
7775.0
17547.0
15157.0
12409.0
11720.0
11031.0
14725.0
18117.0
10330.0
19912.0
19515.0
18113.0
14873.0
17160.0
14557.0
18505.0
17935.0
6335.0
11829.0
18027.0
16692.0
5895.0
13465.0
17182.0
10423.0
6359.0
14745.0
8835.0
16923.0
13618.0
5582.0
19089.0
12023.0
18370.0
8143.0
15263.0
17335.0
5138.0
7934.0
16853.0
16982.0
16746.0
17456.0
13081.0
10155.0
18804.0
6634.0
11761.0
16888.0
12246.0
14197.0
15388.0
15457.0
10977.0
14166.0
17287.0
15725.5
14164.0
12404.0
6336.0
10298.0
13941.0
17542.0
13631.0
19790.0
18727.0
15241.0
16549.0
11549.0
8359.0
5169.0
12079.0
8768.0
19015.0
7537.0
10946.0
17135.0
16953.0
9865.0
17659.0
9880.0
4959.0
18606.0
19215.0
17339.0
18369.0
14205.0
6584.0
13834.0
9633.0
19339.0
18274.0
16178.5
14083.0
14127.0
11566.0
8322.0
14446.0
9435.0
5512.0
5307.0
10392.0
14273.0
6906.0
6205.0
13030.0
16396.0
15065.0
14006.0
13985.0
5412.0
10041.0
13803.0
16998.0
17280.0
9448.0
11217.0
11700.0
19115.0
12748.0
12033.0
7803.0
14124.0
7303.0
17118.0
14781.0
9686.0
10191.0
7303.0
17692.0
15334.0
7888.5
12009.0
17781.0
6991.0
12468.0
16997.0
5002.0
11483.0
17964.0
18966.0
13061.0
7257.0
15981.0
17524.0
6229.5
7592.0
17569.0
8430.0
7631.0
10716.0
17236.0
7303.0
15251.0
14111.0
12971.0
13087.0
8846.0
9068.0
5767.0
11763.0
13707.0
10017.0
18102.0
5891.0
5759.0
11691.0
5589.0
9543.0
12557.0
5862.0
19514.0
19580.0
5591.0
7237.0
16421.0
12813.5
9206.0
7720.0
5799.0
4945.0
6071.0
12540.0
8664.5
13848.0
11518.0
6706.0
12150.0
8976.0
5573.0
13768.0
10223.0
15237.0
19504.0
12242.5
4981.0
8720.5
12460.0
18264.0
9766.0
18009.0
12083.0
14652.0
6451.0
17301.0
10348.5
10345.0
7854.0
14489.0
7713.0
15754.0
12873.0
