44571833.448275864
-69802527.03773585
95624018.69090909
-601301970.0416666
253828648.26666668
156101501.6122449
-162261286.42857143
-322715884.82608694
-182616031.6142857
16561944.444444444
188287249.44262296
-122756004.2987013
-30009321.79661017
417257654.8
-76166844.28571428
312283555.24444443
-446216066.32835823
-437132567.65
17548665.0
21312864.5
-3791433.9791666665
74858029.16666667
-168733217.16
-6365334.225806451
-60010045.58181818
277815013.5
51926484.86666667
208814092.92307693
-33347812.239130434
199590672.5090909
100038076.33333333
54271503.17021277
-69005712.8076923
-102351756.25675675
193290667.1395349
-119929217.46511628
-47455518.63829787
120229983.1
-192948977.6511628
131831549.04285714
49162720.96
308626757.35211265
206649977.4318182
11348281.785714285
63631512.15
171681862.2631579
181444143.80952382
103299639.83116883
212507018.0
92447072.88095239
-254714750.7826087
29242732.525423728
6602738.137931035
81429570.75362319
296260111.2133333
88924331.68656716
-11382893.932432432
-401936371.4186047
-199711487.78125
64506284.333333336
170722604.35
-72580167.6981132
-185970679.20289856
161880246.12987012
3284657.7627118644
71475484.68253969
195282122.3939394
-286831833.4318182
88970494.4
105685344.20754717
67911621.9074074
78763848.15
-259469012.73214287
-71715089.86666666
17507017.489361703
-8579157.404761905
